# B.B sets the following parameters from ZHAW_D435i_calibration-camchain-imucam.yaml
# General sensor definitions.
sensor_type: camera
comment: VI-Sensor cam0 (MT9M034)

# Sensor extrinsics wrt. the body-frame.
T_BS:
  cols: 4
  rows: 4
  data: [0.9999931682704205, -0.002849517699375082, -0.0023544981137998884, 0.00466299280537131,
         0.002903856771980248, 0.9997217989420198, 0.023407100118979424, -0.008700546583648635,
         0.0022871441438535403, -0.023413777333293535, 0.9997232437043027, -0.02601473064780494,
         0.0, 0.0, 0.0, 1.0]

# Camera specific definitions.
rate_hz: 30
resolution: [848, 480]
camera_model: pinhole
intrinsics: [447.3360644325708, 447.18160879946294, 420.387475094417, 236.18473422455554] #fu, fv, cu, cv
distortion_model: radtan
distortion_coefficients: [0.0511292236271853, -0.02442462059567389, -0.0038908118701216103, -0.007353566077430776]

