# B.B sets the following parameters from ZHAW_D435i_calibration-camchain-imucam.yaml
# General sensor definitions.
sensor_type: camera
comment: VI-Sensor cam1 (MT9M034)

# Sensor extrinsics wrt. the body-frame.
T_BS:
  cols: 4
  rows: 4
  data: [0.9999146301149828, -0.002526609877576135, 0.012819856650681034, -0.04588593495161045,
         0.0021839700481526758, 0.9996418735812594, 0.026671236525111722, -0.008886173686709348,
         -0.012882653330981472, -0.026640961421769607, 0.9995620523097493, -0.024808454029455446,
         0.0, 0.0, 0.0, 1.0]

# Camera specific definitions.
rate_hz: 30
resolution: [848, 480]
camera_model: pinhole
intrinsics: [446.6530568481328, 447.3769225414639, 413.69626161024894, 234.91340249001303] #fu, fv, cu, cv
distortion_model: radtan
distortion_coefficients: [0.054395481001679465, -0.029805301218825016, -0.005150987710169745, -0.00951600574540279]
